1733187716158 0.7751951813697815 1728
1733187768051 0.8390157222747803 1738
1733187822340 0.6617822647094727 1748
1733187873994 0.6696978211402893 1758
1733187928589 0.6929321885108948 1768
1733187980358 0.654586672782898 1778
1733188034943 0.7014653086662292 1788
1733188086742 0.6822870969772339 1798
1733188141151 0.7576096057891846 1808
1733188192833 0.7013812065124512 1818
1733188247381 0.6467980146408081 1828
1733188299006 0.668581485748291 1838
1733188353687 0.7330021858215332 1848
1733188405300 0.7489960193634033 1858
1733188459837 0.7030437588691711 1868
1733188511436 0.6778865456581116 1878
1733188565954 0.8279576301574707 1888
1733188617765 0.6869978904724121 1898
1733188671975 0.7721148729324341 1908
1733188723490 0.628085732460022 1918
1733188777872 0.7231211066246033 1928
1733188829271 0.7123075127601624 1938
1733188883443 0.7026035785675049 1948
1733188934896 0.750836968421936 1958
1733188989512 0.6291786432266235 1968
1733189040825 0.6798436045646667 1978
1733189095153 0.7587679624557495 1988
1733189146812 0.7300363183021545 1998
1733189201125 0.72806715965271 2008
1733189252536 0.632663369178772 2018
1733189306854 0.7111325263977051 2028
1733189358455 0.650629997253418 2038
1733189412807 0.688636839389801 2048
1733189464305 0.7200359106063843 2058
1733189518697 0.66331946849823 2068
1733189570140 0.7213179469108582 2078
1733189624472 0.7458598613739014 2088
1733189675889 0.6904950737953186 2098
1733189730042 0.8139654397964478 2108
1733189784362 0.6666390895843506 2118
1733189835790 0.7147156000137329 2128
1733189890160 0.6787039637565613 2138
1733189941607 0.7650408744812012 2148
1733189996020 0.7370487451553345 2158
1733190047503 0.809627890586853 2168
1733190101945 0.5599629282951355 2178
1733190153099 0.6783953905105591 2188
1733190207829 0.7576678395271301 2198
1733190259398 0.731438398361206 2208
1733190310283 0.6734738945960999 2218
1733190365050 0.6968719959259033 2228
1733190416301 0.7269940376281738 2238
1733190471131 0.7795091867446899 2248
1733190522591 0.6922929883003235 2258
1733190577152 0.6865313053131104 2268
1733190628392 0.7115731835365295 2278
1733190683004 0.6841626167297363 2288
1733190734266 0.7370634078979492 2298
1733190788973 0.6685822010040283 2308
1733190840220 0.689483642578125 2318
1733190894945 0.6572081446647644 2328
1733190946339 0.8146816492080688 2338
1733191000936 0.7035585045814514 2348
1733191051994 0.6998608112335205 2358
1733191106788 0.681238055229187 2368
1733191158013 0.6792771220207214 2378
1733191212813 0.7493051290512085 2388
1733191264077 0.6593886017799377 2398
1733191318897 0.6552304625511169 2408
1733191370126 0.6679006218910217 2418
1733191424934 0.6395244598388672 2428
1733191476184 0.8756651878356934 2438
1733191530980 0.6578592658042908 2448
1733191582202 0.8524450063705444 2458
1733191637029 0.698182225227356 2468
1733191688257 0.7040269374847412 2478
1733191739497 0.6249144077301025 2488
1733191794327 0.7093707323074341 2498
1733191845415 0.7291012406349182 2508
1733191900213 0.7758569717407227 2518
1733191951432 0.6945252418518066 2528
1733192006258 0.7200052738189697 2538
1733192057466 0.7042568922042847 2548
1733192112275 0.7074669599533081 2558
1733192163502 0.7650013566017151 2568
1733192218328 0.666579008102417 2578
1733192269517 0.6277673840522766 2588
1733192324308 0.7182767391204834 2598
1733192375524 0.783672571182251 2608
1733192430342 0.6941565275192261 2618
1733192481557 0.6982780694961548 2628
1733192536351 0.6357223987579346 2638
1733192587582 0.7385433912277222 2648
1733192642393 0.6702477931976318 2658
1733192693609 0.6888595819473267 2668
1733192748412 0.6458767652511597 2678
1733192799660 0.7939683794975281 2688
1733192850870 0.7475104331970215 2698
1733192905678 0.691493034362793 2708
1733192957123 0.6775131225585938 2718
1733193011628 0.7225550413131714 2728
1733193062828 0.7419929504394531 2738
1733193117607 0.7522357702255249 2748
1733193168811 0.6941317915916443 2758
1733193223586 0.6974579095840454 2768
1733193274770 0.641829252243042 2778
1733193329539 0.647428572177887 2788
1733193380780 0.603718638420105 2798
1733193435562 0.6472737789154053 2808
1733193486791 0.6359215378761292 2818
1733193541582 0.7598323225975037 2828
1733193592794 0.7048509120941162 2838
1733193647581 0.5870895385742188 2848
1733193698851 0.6263664960861206 2858
1733193753655 0.6963480710983276 2868
1733193804911 0.66849285364151 2878
1733193859709 0.7337703108787537 2888
1733193910952 0.7486624717712402 2898
1733193965799 0.8363275527954102 2908
1733194017029 0.5124331712722778 2918
1733194068259 0.6074987053871155 2928
1733194123073 0.6189119815826416 2938
1733194174308 0.7081068754196167 2948
1733194229147 0.608776330947876 2958
1733194280227 0.7356326580047607 2968
1733194335042 0.5838937759399414 2978
1733194386263 0.78863525390625 2988
1733194441055 0.7555345892906189 2998
1733194492291 0.847260594367981 3008
1733194547104 0.9153521060943604 3018
1733194598315 0.7635076642036438 3028
1733194653122 0.6549326181411743 3038
1733194704355 0.6394873857498169 3048
1733194759198 0.7671046257019043 3058
1733194810449 0.6008461713790894 3068
1733194865296 0.6760759353637695 3078
1733194916535 0.742342472076416 3088
1733194971366 0.6944335103034973 3098
1733195022603 0.7236953973770142 3108
1733195077408 0.6887407302856445 3118
1733195128663 0.7028101682662964 3128
1733195183419 0.7369773983955383 3138
1733195234644 0.6853908896446228 3148
1733195285858 0.6962072849273682 3158
1733195340662 0.6842919588088989 3168
1733195391884 0.6845513582229614 3178
1733195446750 0.6321725249290466 3188
1733195497994 0.7277287244796753 3198
1733195552662 0.7238494157791138 3208
1733195603857 0.714603066444397 3218
1733195658661 0.7428601980209351 3228
1733195709889 0.7142809629440308 3238
1733195764687 0.6393833756446838 3248
1733195815905 0.6819390058517456 3258
1733195870726 0.7598085403442383 3268
1733195921966 0.6189504861831665 3278
1733195976777 0.7002560496330261 3288
1733196027987 0.6432609558105469 3298
1733196082781 0.7178856134414673 3308
1733196133982 0.6953461766242981 3318
1733196188762 0.7228320240974426 3328
1733196239979 0.724593997001648 3338
1733196294781 0.7646522521972656 3348
1733196345993 0.7115752696990967 3358
1733196400818 0.7217854261398315 3368
1733196452057 0.7490299940109253 3378
1733196503267 0.6432317495346069 3388
1733196558067 0.7159104347229004 3398
1733196609313 0.649519681930542 3408
1733196664150 0.6624501347541809 3418
1733196715244 0.6265957355499268 3428
1733198383403 0.694685161113739 3446
1733198434637 0.6816511154174805 3456
1733198489451 0.7089480757713318 3466
1733198540718 0.7649331092834473 3476
1733198595510 0.6831042766571045 3486
1733198646753 0.7308106422424316 3496
1733198701598 0.6969846487045288 3506
1733198752844 0.7127405405044556 3516
1733198807595 0.6949371695518494 3526
1733198858929 0.706162691116333 3536
1733198913637 0.6853064894676208 3546
1733198964899 0.7181421518325806 3556
1733199019732 0.741227388381958 3566
1733199070997 0.6801565289497375 3576
1733199125764 0.6706398725509644 3586
1733199176918 0.5938034057617188 3596
1733199231753 0.6631338596343994 3606
1733199282980 0.6788618564605713 3616
1733199337801 0.6601703763008118 3626
1733199389017 0.7144019603729248 3636
1733199440235 0.7009482383728027 3646
1733199495046 0.7248274683952332 3656
1733199546261 0.6770403981208801 3666
1733199601063 0.7090370059013367 3676
1733199652278 0.6873085498809814 3686
1733199707085 0.6888042688369751 3696
1733199758326 0.6729428172111511 3706
1733199813089 0.6962088346481323 3716
1733199864317 0.7259130477905273 3726
1733199919139 0.7274490594863892 3736
1733199970401 0.674167275428772 3746
1733200025116 0.6981453895568848 3756
1733200076417 0.6791321635246277 3766
1733200131142 0.721286416053772 3776
1733200182352 0.6539077162742615 3786
1733200237195 0.6969852447509766 3796
1733200288384 0.7121232151985168 3806
1733200343151 0.696884036064148 3816
1733200394402 0.6741532683372498 3826
1733200449171 0.6615974307060242 3836
1733200500401 0.6880522966384888 3846
1733200555229 0.6700547933578491 3856
1733200606453 0.6928396821022034 3866
1733200657685 0.6550931930541992 3876
1733200712519 0.7075977325439453 3886
1733200763718 0.6823558211326599 3896
1733200818525 0.6726211905479431 3906
1733200869771 0.7272987365722656 3916
1733200924598 0.7186541557312012 3926
1733200975831 0.6779896020889282 3936
1733201030619 0.7768206596374512 3946
1733201081880 0.690849244594574 3956
1733201136677 0.6861618757247925 3966
1733201187928 0.6788702607154846 3976
1733201242717 0.6914322972297668 3986
1733201293976 0.7245777249336243 3996
1733201348713 0.689100980758667 4006
1733201399948 0.7113041877746582 4016
1733201454752 0.7263711094856262 4026
1733201505969 0.6992772221565247 4036
1733201560768 0.6833246946334839 4046
1733201612054 0.7288358211517334 4056
1733201666710 0.7055178880691528 4066
1733201717909 0.7055132389068604 4076
1733201772675 0.6909776926040649 4086
1733201823845 0.6891741752624512 4096
1733201875075 0.7090352773666382 4106
1733201929871 0.7287353873252869 4116
1733201981090 0.6581085920333862 4126
1733202035895 0.6734941005706787 4136
1733202087132 0.7284235954284668 4146
1733202141929 0.693754255771637 4156
1733202193125 0.6832559108734131 4166
1733202247916 0.6596310138702393 4176
1733202299093 0.689267635345459 4186
1733202353898 0.6611710786819458 4196
1733202405213 0.7105874419212341 4206
1733202459921 0.6536596417427063 4216
1733202511124 0.7260379791259766 4226
1733202565869 0.7119795083999634 4236
1733202617141 0.6746647953987122 4246
1733202671867 0.7302117347717285 4256
1733202723085 0.6890926361083984 4266
1733202777899 0.7228065729141235 4276
1733202829120 0.7365861535072327 4286
1733202883873 0.7273210883140564 4296
1733202935110 0.7478668093681335 4306
1733202989884 0.7121297121047974 4316
1733203041089 0.6721336841583252 4326
1733203092296 0.7105229496955872 4336
1733203147063 0.6770591735839844 4346
1733203198281 0.6863410472869873 4356
1733203253102 0.6853286623954773 4366
1733203304320 0.6984512209892273 4376
1733203359145 0.6898912191390991 4386
1733203410325 0.7100589871406555 4396
1733203465105 0.6887532472610474 4406
1733203516314 0.7089824080467224 4416
1733203571088 0.7011488676071167 4426
1733203622319 0.7017593383789062 4436
1733203677135 0.6852220296859741 4446
1733203728308 0.687080979347229 4456
1733203783079 0.6783542633056641 4466
1733203834280 0.6625971794128418 4476
1733203889042 0.700638473033905 4486
1733203940236 0.7022645473480225 4496
1733203995042 0.6903127431869507 4506
1733204046446 0.7124108672142029 4516
1733204100976 0.7088689804077148 4526
1733204152221 0.6920660734176636 4536
1733204206979 0.6941486597061157 4546
1733204258166 0.7260273098945618 4556
1733204309379 0.6401210427284241 4566
1733204364191 0.6846609115600586 4576
1733204415431 0.7393711805343628 4586
1733204470188 0.6958639621734619 4596
1733204521393 0.6878840923309326 4606
1733204576178 0.6836169958114624 4616
1733204627386 0.7319172620773315 4626
1733204682185 0.6411455869674683 4636
1733204733406 0.6985906362533569 4646
1733204788185 0.7134814262390137 4656
1733204839396 0.6807140111923218 4666
1733204894184 0.702511191368103 4676
1733204945385 0.7032239437103271 4686
1733205000108 0.6732593774795532 4696
1733205051328 0.6937556266784668 4706
1733205106077 0.6824779510498047 4716
1733205157324 0.7174346446990967 4726
1733205212111 0.6971313953399658 4736
1733205263476 0.6920188665390015 4746
1733205318090 0.7129563689231873 4756
1733205369318 0.6738216876983643 4766
1733205424087 0.7275689840316772 4776
1733205475283 0.6734834909439087 4786
1733205526495 0.6747846007347107 4796
1733205581271 0.6901662349700928 4806
1733205632473 0.7166007161140442 4816
1733205687288 0.7378287315368652 4826
1733205738482 0.6763615012168884 4836
1733205793290 0.7130727767944336 4846
1733205844518 0.6936310529708862 4856
1733205899282 0.6931425333023071 4866
1733205950481 0.6954143047332764 4876
1733206005301 0.6694337725639343 4886
1733206056547 0.7025026082992554 4896
1733206111358 0.6424887180328369 4906
1733206162753 0.7138922214508057 4916
1733206217382 0.6763395071029663 4926
1733206268505 0.7167940735816956 4936
1733206323311 0.6762275695800781 4946
1733206374523 0.7023897171020508 4956
1733206429300 0.6626390218734741 4966
1733206480643 0.6783096790313721 4976
1733206535264 0.7010444402694702 4986
1733206586501 0.6632853746414185 4996
1733206641321 0.6923424601554871 5006
1733206692558 0.7007426023483276 5016
1733206743770 0.7083455324172974 5026
1733206798582 0.7520829439163208 5036
1733206849841 0.6793053150177002 5046
1733206904674 0.6997274160385132 5056
1733206955913 0.7152811288833618 5066
1733207010716 0.6906015872955322 5076
1733207061913 0.6710817813873291 5086
1733207116684 0.6888531446456909 5096
1733207167897 0.6838359832763672 5106
1733207222742 0.70693039894104 5116
1733207273965 0.6812872290611267 5126
1733207328844 0.7188379168510437 5136
1733207380031 0.6666800379753113 5146
