1733214237937 0.6278822422027588 3445
1733214238683 0.6136053204536438 3455
1733214239386 0.6996403932571411 3465
1733214240132 0.815534234046936 3475
1733214240838 0.6952255964279175 3485
1733214241565 0.6536403298377991 3495
1733214242261 0.7028661966323853 3505
1733214242982 0.6612060070037842 3515
1733214243697 0.6767079830169678 3525
1733214244426 0.7073313593864441 3535
1733214245188 0.6875429749488831 3545
1733214245942 0.5987114310264587 3555
1733214246622 0.6637047529220581 3565
1733214247316 0.6049863696098328 3575
1733214248015 0.4699319303035736 3585
1733214248710 0.6238825917243958 3595
1733214249424 0.8171131610870361 3605
1733214250160 0.6622132062911987 3615
1733214250871 0.6329408884048462 3625
1733214251623 0.49084460735321045 3635
1733214252323 0.9202202558517456 3645
1733214253026 0.5572584867477417 3655
1733214253753 0.4859265089035034 3665
1733214254452 0.828231692314148 3675
1733214255168 0.5613071918487549 3685
1733214255874 0.6031235456466675 3695
1733214256625 0.15898337960243225 3705
1733214257341 0.6329516768455505 3715
1733214258053 0.404193639755249 3725
1733214258775 0.4546056389808655 3735
1733214259697 0.41744673252105713 3745
1733214260499 0.8764393329620361 3755
1733214261251 0.30005162954330444 3765
1733214261964 0.2922484278678894 3775
1733214266190 0.7057578563690186 3785
1733214266931 0.321171373128891 3795
1733214267659 0.38286539912223816 3805
1733214268439 0.5055622458457947 3815
1733214269278 0.49807122349739075 3825
1733214270071 0.6728987693786621 3835
1733214270769 0.9560282230377197 3845
1733214271567 0.5082422494888306 3855
1733214272285 0.3735814392566681 3865
1733214273011 0.338969349861145 3875
1733214273736 0.6435232162475586 3885
1733214274435 0.4996529817581177 3895
1733214275167 0.8202210664749146 3905
1733214275867 0.47381874918937683 3915
1733214276589 0.4995129406452179 3925
1733214277289 0.4835050702095032 3935
1733214278006 0.7302332520484924 3945
1733214278711 0.5581896901130676 3955
1733214279433 0.5457523465156555 3965
1733214280192 1.2979334592819214 3975
1733214280975 0.14835426211357117 3985
1733214281690 0.3797258138656616 3995
1733214282404 0.1694612205028534 4005
1733214283177 0.6330186128616333 4015
1733214284023 1.01164972782135 4025
1733214284794 0.2232334464788437 4035
1733214285496 0.24800382554531097 4045
1733214286167 0.2801956832408905 4055
1733214286906 0.37798163294792175 4065
1733214287595 0.5508954524993896 4075
1733214288292 0.5765432715415955 4085
1733214288986 0.2907460629940033 4095
1733214289682 0.63071608543396 4105
1733214290461 0.5925104022026062 4115
1733214291183 0.1257714182138443 4125
1733214291910 0.5390031933784485 4135
1733214292661 0.6834977269172668 4145
1733214293425 0.2842135429382324 4155
1733214294174 0.17781218886375427 4165
1733214294921 0.09395121783018112 4175
1733214295669 0.2195480763912201 4185
1733214296433 1.5318591594696045 4195
1733214297151 0.31381773948669434 4205
1733214301274 0.28187477588653564 4215
1733214302027 0.7274730205535889 4225
1733214302832 0.5309700965881348 4235
1733214303692 0.5270602703094482 4245
1733214304473 0.5870257616043091 4255
1733214305269 0.24738161265850067 4265
1733214306052 0.1092211976647377 4275
1733214306770 0.5099958181381226 4285
1733214307545 0.41476863622665405 4295
1733214308276 0.2435729205608368 4305
1733214308998 0.17663908004760742 4315
1733214309735 0.4017573595046997 4325
1733214310536 0.2012908160686493 4335
1733214311282 0.24280434846878052 4345
1733214312038 1.174244999885559 4355
1733214312750 1.2262535095214844 4365
1733214313450 0.45023006200790405 4375
1733214314194 0.7844932675361633 4385
1733214314875 0.4070492386817932 4395
1733214315570 0.5142397880554199 4405
1733214316297 0.45701077580451965 4415
1733214317049 0.20507225394248962 4425
1733214317777 0.6939704418182373 4435
1733214318462 0.9815121293067932 4445
1733214319167 0.7265990972518921 4455
1733214319876 0.49155667424201965 4465
1733214320566 0.32091477513313293 4475
1733214321267 0.4141310155391693 4485
1733214321979 0.43137213587760925 4495
1733214322695 0.17277389764785767 4505
1733214323368 0.8704386949539185 4515
1733214324077 0.46700674295425415 4525
1733214324781 0.630018413066864 4535
1733214325552 0.7588958740234375 4545
1733214326287 0.2700914442539215 4555
1733214327001 0.6417067646980286 4565
1733214327724 0.5024789571762085 4575
1733214328410 0.4430712163448334 4585
1733214329133 0.12729030847549438 4595
1733214329847 0.24173282086849213 4605
1733214330569 0.7462264895439148 4615
1733214331272 0.25923943519592285 4625
1733214331982 0.25131654739379883 4635
1733214332744 0.4950600862503052 4645
1733214336807 0.4638453722000122 4655
1733214337521 0.7140868306159973 4665
1733214338256 0.6520362496376038 4675
1733214338986 0.4210096001625061 4685
1733214339714 0.3597125709056854 4695
1733214340421 0.45812010765075684 4705
1733214341133 0.2764871120452881 4715
1733214341922 0.08706619590520859 4725
1733214342645 0.30730125308036804 4735
1733214343404 1.084911584854126 4745
1733214344120 0.4654405117034912 4755
1733214344836 0.31172022223472595 4765
1733214345546 1.2512400150299072 4775
1733214346265 0.27222514152526855 4785
1733214346994 0.22073771059513092 4795
1733214347756 0.22273454070091248 4805
1733214348482 0.528350830078125 4815
1733214349235 0.700005054473877 4825
1733214350010 0.07164803892374039 4835
1733214350797 0.5143409967422485 4845
1733214351623 0.020763246342539787 4855
1733214352378 0.415540874004364 4865
1733214353149 0.8648827075958252 4875
1733214353878 0.2168709933757782 4885
1733214354626 0.5003594756126404 4895
1733214355372 0.2274870127439499 4905
1733214356138 0.08261711150407791 4915
1733214356883 1.9349627494812012 4925
1733214357604 0.43928030133247375 4935
1733214358367 0.2889416217803955 4945
1733214359164 0.32823804020881653 4955
1733214359944 0.5404403209686279 4965
1733214360763 0.1968393176794052 4975
1733214361568 0.6405589580535889 4985
1733214362383 0.09140652418136597 4995
1733214363196 0.18639245629310608 5005
1733214364027 0.5086195468902588 5015
1733214364904 0.47554099559783936 5025
1733214365743 0.4898182153701782 5035
1733214366598 0.6889431476593018 5045
1733214367384 0.26806482672691345 5055
1733214368129 0.48456400632858276 5065
1733214368874 0.28597766160964966 5075
1733214372960 0.7974885702133179 5085
1733214373709 0.3375760316848755 5095
1733214374473 0.08467131853103638 5105
1733214375222 0.10015039145946503 5115
1733214376003 0.45964980125427246 5125
1733214376835 0.14432302117347717 5135
1733214377623 0.6361274123191833 5145
1733214378456 0.430305540561676 5155
1733214379277 0.9283977150917053 5165
1733214380086 0.31232962012290955 5175
1733214380903 0.4478444755077362 5185
1733214381685 0.3093162178993225 5195
1733214382479 0.06231752410531044 5205
1733214383349 0.16315841674804688 5215
1733214384154 0.15267135202884674 5225
1733214384981 0.4654199481010437 5235
1733214385749 0.3790014386177063 5245
1733214386544 0.05340462550520897 5255
1733214387336 0.4012337923049927 5265
1733214388067 0.6019682884216309 5275
1733214388851 0.32525956630706787 5285
1733214389667 0.5752291083335876 5295
1733214390484 0.06897877901792526 5305
1733214391278 0.042659468948841095 5315
1733214392058 0.28985556960105896 5325
1733214392882 0.28071868419647217 5335
1733214393703 0.47471311688423157 5345
1733214394462 0.22360381484031677 5355
1733214395260 0.16639503836631775 5365
1733214396033 0.444377064704895 5375
1733214396821 0.5218956470489502 5385
1733214397608 0.7002487182617188 5395
1733214398466 0.2399280071258545 5405
1733214399245 0.19916769862174988 5415
1733214400004 0.2213616669178009 5425
1733214400730 0.026096152141690254 5435
1733214401476 0.14637579023838043 5445
1733214402204 0.28436824679374695 5455
1733214402958 0.1238832175731659 5465
1733214403701 0.6797189712524414 5475
1733214404422 0.03041663207113743 5485
1733214408609 0.42401349544525146 5495
1733214409314 0.38775014877319336 5505
1733214410040 0.05677235871553421 5515
1733214410908 0.5904364585876465 5525
1733214411759 0.5131695866584778 5535
1733214412676 0.24372202157974243 5545
1733214413440 0.12651729583740234 5555
1733214414214 0.17836907505989075 5565
1733214414985 0.605036735534668 5575
1733214415726 0.3491891622543335 5585
1733214416467 0.41290387511253357 5595
1733214417278 0.47922658920288086 5605
1733214418113 0.5690218210220337 5615
1733214418932 0.3026694655418396 5625
1733214419779 0.10578513890504837 5635
1733214420560 0.18358272314071655 5645
1733214421373 0.3031805157661438 5655
1733214422244 0.124074786901474 5665
1733214423086 0.1624058187007904 5675
1733214423830 0.582521915435791 5685
1733214424713 1.4102448225021362 5695
1733214425578 0.0552857480943203 5705
1733214426400 0.3926512598991394 5715
1733214427172 0.37004661560058594 5725
1733214427957 0.2667771279811859 5735
1733214428786 0.6346540451049805 5745
1733214429593 0.36949774622917175 5755
1733214430440 1.1869992017745972 5765
1733214431240 0.26315808296203613 5775
1733214432065 0.5969447493553162 5785
1733214432841 0.12414578348398209 5795
1733214433616 0.25415390729904175 5805
1733214434426 0.3036249876022339 5815
1733214435200 0.28222790360450745 5825
1733214436045 0.27675676345825195 5835
1733214436810 0.3075254559516907 5845
1733214437733 0.17519508302211761 5855
1733214438584 0.22209790349006653 5865
1733214439427 0.28899961709976196 5875
1733214443858 0.5013879537582397 5885
1733214444808 0.307071328163147 5895
1733214445650 0.16176526248455048 5905
1733214446475 0.11894004046916962 5915
1733214447435 0.1450861096382141 5925
1733214448318 0.22429560124874115 5935
1733214449284 0.3387150764465332 5945
1733214450216 0.27289825677871704 5955
1733214451058 0.23482519388198853 5965
1733214451962 0.7169755697250366 5975
1733214452801 0.4662693738937378 5985
1733214453622 0.22791387140750885 5995
1733214454401 0.2909500002861023 6005
1733214455253 0.05706021189689636 6015
1733214456109 0.18306812644004822 6025
1733214456949 0.4602360129356384 6035
1733214457769 0.6157822608947754 6045
1733214458631 0.2729727029800415 6055
1733214459450 1.141258955001831 6065
1733214460284 0.23105892539024353 6075
1733214461181 0.5412387847900391 6085
1733214462021 0.8207728266716003 6095
1733214462837 0.4511032700538635 6105
1733214463693 1.0567848682403564 6115
1733214464566 0.3722657561302185 6125
1733214465405 1.1942713260650635 6135
1733214466357 0.22710120677947998 6145
1733214467277 0.3024711310863495 6155
1733214468117 0.250757098197937 6165
1733214468966 0.316985547542572 6175
1733214469865 0.1746416985988617 6185
1733214470699 0.6827050447463989 6195
1733214471629 1.59208083152771 6205
1733214472504 0.3005492091178894 6215
1733214473335 0.7495180368423462 6225
1733214474227 0.9941693544387817 6235
1733214475103 0.6737233996391296 6245
1733214475963 0.12911173701286316 6255
1733214480279 0.17132920026779175 6265
1733214481092 0.5372254848480225 6275
1733214481940 0.21556441485881805 6285
1733214482861 0.5967078804969788 6295
1733214483794 0.25494062900543213 6305
1733214484710 0.2903395891189575 6315
1733214485627 0.34282076358795166 6325
1733214486491 0.21198266744613647 6335
1733214487351 0.2963417172431946 6345
1733214488247 0.011556248180568218 6355
1733214489094 0.2710301876068115 6365
1733214490009 0.06708510220050812 6375
1733214490875 0.23739615082740784 6385
1733214491719 0.604311466217041 6395
1733214492630 0.2646481990814209 6405
1733214493448 0.606719434261322 6415
1733214494300 0.2182862013578415 6425
1733214495179 0.5295194387435913 6435
1733214496034 0.144467294216156 6445
1733214496786 0.22906634211540222 6455
1733214497533 0.8802054524421692 6465
1733214498288 0.4684486985206604 6475
1733214499105 0.281892865896225 6485
1733214499990 0.4261792004108429 6495
1733214500817 1.334622859954834 6505
1733214501661 0.09593450278043747 6515
1733214502486 0.7578283548355103 6525
1733214503283 0.12637560069561005 6535
1733214503976 0.1093335896730423 6545
1733214504725 0.1340460330247879 6555
1733214505491 0.9368500709533691 6565
1733214506214 1.0535119771957397 6575
1733214506949 0.18624839186668396 6585
1733214507740 0.20579394698143005 6595
1733214508532 0.8404689431190491 6605
1733214509317 0.2908179759979248 6615
1733214510087 0.8162343502044678 6625
1733214510812 0.5336068272590637 6635
1733214511603 0.37204477190971375 6645
1733214515798 0.2461453229188919 6655
1733214516570 0.42461854219436646 6665
1733214517351 0.28798261284828186 6675
1733214518186 0.4503999352455139 6685
1733214518948 0.17872518301010132 6695
1733214519758 1.2100646495819092 6705
1733214520598 0.4761551022529602 6715
1733214521361 0.3906974792480469 6725
1733214522086 0.2828684151172638 6735
1733214522885 0.09348058700561523 6745
1733214523728 0.11374472826719284 6755
1733214524430 0.4752901792526245 6765
1733214525177 0.5925742387771606 6775
1733214525945 0.3817085921764374 6785
1733214526698 0.749442458152771 6795
1733214527474 0.8558648824691772 6805
1733214528262 0.33808910846710205 6815
1733214529014 0.11924628913402557 6825
1733214529764 0.18270491063594818 6835
1733214530585 1.2162693738937378 6845
1733214531482 0.2682003676891327 6855
1733214532318 0.2858522832393646 6865
1733214607187 0.3733414113521576 6880
1733214607871 0.20025962591171265 6890
1733214608542 0.07826206833124161 6900
1733214609251 0.13354893028736115 6910
1733214610013 0.04257887229323387 6920
1733214610731 0.06169186905026436 6930
1733214611496 0.09863933175802231 6940
1733214612225 0.7836570143699646 6950
1733214612910 0.17506486177444458 6960
1733214613605 0.0784338042140007 6970
1733214614307 0.19835107028484344 6980
1733214614997 0.06379346549510956 6990
1733214615709 0.3222479224205017 7000
1733214616438 0.10331761837005615 7010
1733214617145 0.027596792206168175 7020
1733214617844 0.3670792877674103 7030
1733214618537 0.750341534614563 7040
1733214622752 0.25781893730163574 7050
1733214623517 0.07371990382671356 7060
1733214624264 0.12187578529119492 7070
1733214625017 0.1071513295173645 7080
1733214625805 0.07943952083587646 7090
1733214626661 0.3373377025127411 7100
1733214627398 0.10780026763677597 7110
1733214628139 0.016758423298597336 7120
1733214628849 0.01628773845732212 7130
1733214629606 0.14894361793994904 7140
1733214630416 0.38647979497909546 7150
1733214631169 0.37794002890586853 7160
1733214631950 0.16121825575828552 7170
1733214632757 0.2420038878917694 7180
1733214633504 0.015001172199845314 7190
1733214634217 0.19664530456066132 7200
1733214634924 0.15097281336784363 7210
1733214635646 0.6643474698066711 7220
1733214636374 0.04993297532200813 7230
1733214637137 0.06445735692977905 7240
1733214637917 0.18925435841083527 7250
1733214638679 0.4430340528488159 7260
1733214639457 0.1028498113155365 7270
1733214640201 0.3185783624649048 7280
1733214640983 0.008263319730758667 7290
1733214641781 0.6129469871520996 7300
1733214642549 0.11291127651929855 7310
1733214643343 0.45328450202941895 7320
1733214644137 0.03466606140136719 7330
1733214644870 0.046342261135578156 7340
1733214645604 0.43602725863456726 7350
1733214646334 0.08660820871591568 7360
1733214647040 0.01752028986811638 7370
1733214647784 0.15048672258853912 7380
1733214648502 0.045112524181604385 7390
1733214649209 0.1861782670021057 7400
1733214649925 0.8782828450202942 7410
1733214650704 0.07908458262681961 7420
1733214651515 0.0718846470117569 7430
1733214652312 0.5568925142288208 7440
1733214653085 0.04969608038663864 7450
1733214653839 0.08883536607027054 7460
1733214657940 0.03838184475898743 7470
1733214658684 0.07861030101776123 7480
1733214659508 0.23271523416042328 7490
1733214660336 0.8495013117790222 7500
1733214661154 0.027257710695266724 7510
1733214662015 0.2576720118522644 7520
1733214662824 0.03975755348801613 7530
1733214663590 0.27800923585891724 7540
1733214664327 0.11490701138973236 7550
1733214665137 0.6515088081359863 7560
1733214666038 0.16491031646728516 7570
1733214666895 0.15093375742435455 7580
1733214667662 0.1562163382768631 7590
1733214668478 0.041191961616277695 7600
1733214669344 0.11376002430915833 7610
1733214670200 0.5538724660873413 7620
1733214670946 0.7446831464767456 7630
1733214671773 0.3632759153842926 7640
1733214672529 0.08017028868198395 7650
1733214673299 0.10602276027202606 7660
1733214674119 0.4862850308418274 7670
1733214674867 0.8249695301055908 7680
1733214675678 0.032403454184532166 7690
1733214676537 0.4197594225406647 7700
1733214677304 0.12788870930671692 7710
1733214678073 0.04603199660778046 7720
1733214678850 0.044412143528461456 7730
1733214679562 0.24569028615951538 7740
1733214680360 0.10262580215930939 7750
1733214681086 0.25962063670158386 7760
1733214681892 0.13991516828536987 7770
1733214682709 1.008199691772461 7780
1733214683529 0.16453178226947784 7790
1733214684437 0.031151428818702698 7800
1733214685268 0.23920710384845734 7810
1733214686053 0.005320967175066471 7820
1733214686813 0.2731614112854004 7830
1733214687659 0.4148058295249939 7840
1733214688396 0.01151919737458229 7850
1733214689299 0.05344025418162346 7860
1733214693286 0.08254057168960571 7870
1733214694114 0.05503252148628235 7880
1733214694923 0.2857465147972107 7890
1733214695773 0.18142275512218475 7900
1733214696569 0.17110666632652283 7910
1733214697373 0.4975619912147522 7920
1733214698224 0.02248336374759674 7930
1733214699038 0.07001039385795593 7940
1733214699832 0.044923085719347 7950
1733214700581 0.21472471952438354 7960
1733214701462 0.3908880054950714 7970
1733214702246 0.14015817642211914 7980
1733214703034 0.09448721259832382 7990
1733214703840 0.012955565936863422 8000
1733214704603 0.029067514464259148 8010
1733214705405 0.22556428611278534 8020
1733214706229 0.16739392280578613 8030
1733214707041 0.21950100362300873 8040
1733214707809 0.04975683614611626 8050
1733214708602 0.11570382863283157 8060
1733214709507 0.07293262332677841 8070
1733214710273 0.11361147463321686 8080
1733214711078 0.3690708875656128 8090
1733214711829 0.14030571281909943 8100
1733214712576 0.1510908007621765 8110
1733214713369 0.038958605378866196 8120
1733214714133 0.5015836954116821 8130
1733214714862 0.16959819197654724 8140
1733214715622 0.08369382470846176 8150
1733214716414 0.2380087822675705 8160
1733214717258 0.04753623157739639 8170
1733214718083 0.07584351301193237 8180
1733214718911 0.06333319842815399 8190
1733214719671 0.7945138812065125 8200
1733214720420 0.4713057577610016 8210
1733214721238 0.09009566903114319 8220
1733214722025 0.16862180829048157 8230
1733214722905 1.6153318881988525 8240
1733214723709 0.4345861077308655 8250
1733214724480 0.2816242575645447 8260
1733214725302 0.27785027027130127 8270
1733214729291 0.1494906097650528 8280
1733214730173 0.17484475672245026 8290
1733214730965 0.07491373270750046 8300
1733214731746 0.032681647688150406 8310
1733214732520 1.9961668252944946 8320
1733214733330 0.23509344458580017 8330
1733214734101 0.21910646557807922 8340
1733214734901 0.12691733241081238 8350
1733214735687 0.2669159173965454 8360
1733214736402 0.052498236298561096 8370
1733214737245 0.47992438077926636 8380
1733214738124 0.0890514925122261 8390
1733214738929 0.32594552636146545 8400
1733214739724 0.13276515901088715 8410
1733214740500 0.16273930668830872 8420
1733214741334 0.0009754854836501181 8430
1733214742166 0.12343768775463104 8440
1733214742928 0.5971529483795166 8450
1733214743767 0.011408169753849506 8460
1733214744550 0.09282997250556946 8470
1733214745344 0.2611643671989441 8480
1733214746091 0.11650661379098892 8490
1733214746920 0.2597843110561371 8500
1733214747726 0.06477434933185577 8510
1733214748454 0.11123713850975037 8520
1733214749203 0.14498433470726013 8530
1733214749989 0.3143503665924072 8540
1733214750783 0.43028971552848816 8550
1733214751544 0.5390151739120483 8560
1733214752372 0.1785045862197876 8570
1733214753101 0.36727476119995117 8580
1733214753851 0.06877993047237396 8590
1733214754589 0.13644558191299438 8600
1733214755366 0.24238058924674988 8610
1733214756235 0.5279359221458435 8620
1733214757083 0.13460081815719604 8630
1733214757866 0.4542621374130249 8640
1733214758669 0.03388173133134842 8650
1733214759447 0.1412065029144287 8660
1733214760259 0.030570482835173607 8670
1733214764298 0.08258207887411118 8680
1733214765176 0.1590607464313507 8690
1733214766081 0.2044336199760437 8700
1733214766821 0.06852791458368301 8710
1733214767523 0.014665879309177399 8720
1733214768451 0.00354301487095654 8730
1733214769302 0.27477461099624634 8740
1733214770148 0.015960367396473885 8750
1733214770993 0.025905117392539978 8760
1733214771837 0.004076515324413776 8770
1733214772684 0.13641886413097382 8780
1733214773515 0.05128948763012886 8790
1733214774375 0.03440102934837341 8800
1733214775180 0.36008065938949585 8810
1733214775979 0.021386705338954926 8820
1733214776766 0.08305732905864716 8830
1733214777570 0.0805477723479271 8840
1733214778406 0.19185657799243927 8850
1733214779266 0.24821290373802185 8860
1733214780101 0.09395002573728561 8870
1733214780938 0.10733115673065186 8880
1733214781752 0.08302284777164459 8890
1733214782538 0.16505327820777893 8900
1733214783326 0.058792781084775925 8910
1733214784074 0.1620340645313263 8920
1733214784874 0.03425407037138939 8930
1733214785657 0.19052115082740784 8940
1733214786521 0.2165612131357193 8950
1733214787375 0.12379857152700424 8960
1733214788138 0.5534346103668213 8970
1733214788858 0.5543242692947388 8980
1733214789618 1.1401065587997437 8990
1733214790416 0.16857385635375977 9000
1733214791207 0.11324818432331085 9010
1733214792015 1.7974212169647217 9020
1733214792761 0.1226768046617508 9030
1733214793535 0.3963196873664856 9040
1733214794352 0.14803601801395416 9050
1733214795170 0.13312716782093048 9060
1733214796057 0.19184042513370514 9070
1733214800107 0.24494178593158722 9080
1733214800959 0.038289785385131836 9090
1733214801713 0.06967654824256897 9100
1733214802450 0.09082451462745667 9110
1733214803324 0.09583920240402222 9120
1733214804122 0.15960557758808136 9130
1733214804897 2.204139232635498 9140
1733214805659 0.10192347317934036 9150
1733214806412 0.3683091998100281 9160
1733214807175 0.14379644393920898 9170
1733214808019 0.20174460113048553 9180
1733214808846 0.019924823194742203 9190
1733214809698 0.023610685020685196 9200
1733214810477 0.36290666460990906 9210
1733214811282 0.17565429210662842 9220
1733214812125 1.000403642654419 9230
1733214812936 0.04967295378446579 9240
1733214813648 1.0309935808181763 9250
1733214814482 0.30897536873817444 9260
1733214815218 0.4102742075920105 9270
1733214816033 0.08274082094430923 9280
1733214816845 0.11794067919254303 9290
1733214817625 0.06980244815349579 9300
1733214818482 0.02982560731470585 9310
1733214819280 0.2529943883419037 9320
1733214820055 0.061293069273233414 9330
1733214820889 0.023635419085621834 9340
1733214821602 1.1797362565994263 9350
1733214822379 0.09178882837295532 9360
1733214823122 0.29823100566864014 9370
1733214823880 0.049424946308135986 9380
1733214824683 0.04845227673649788 9390
1733214825519 0.005390934646129608 9400
1733214826326 0.46716707944869995 9410
1733214827031 0.007606667932122946 9420
1733214827846 0.19273202121257782 9430
1733214828644 0.042949553579092026 9440
1733214829428 0.3831830322742462 9450
1733214830321 0.10749220848083496 9460
1733214831128 0.013719365932047367 9470
1733214831976 2.2698822021484375 9480
1733214836103 0.1707002818584442 9490
1733214836814 0.8556514978408813 9500
1733214837581 0.09004539251327515 9510
1733214838425 0.05803103372454643 9520
1733214839159 0.10943315923213959 9530
1733214840025 1.3290315866470337 9540
1733214840790 0.28246697783470154 9550
1733214841567 0.14249393343925476 9560
1733214842338 0.13511082530021667 9570
1733214843109 0.13461843132972717 9580
1733214843909 0.049388475716114044 9590
1733214844659 0.21555277705192566 9600
1733214845465 0.040608473122119904 9610
1733214846285 0.10680456459522247 9620
1733214847196 0.058979377150535583 9630
1733214848009 0.011099240742623806 9640
1733214848897 0.0332551971077919 9650
1733214849728 0.2697773575782776 9660
1733214850487 0.6386735439300537 9670
1733214851267 0.24412423372268677 9680
1733214852003 0.01741432026028633 9690
1733214852757 0.6989002227783203 9700
1733214853552 0.1877133548259735 9710
1733214854294 0.027070125564932823 9720
1733214855057 2.35002064704895 9730
1733214855784 0.14821979403495789 9740
1733214856545 0.16365289688110352 9750
1733214857318 0.908035397529602 9760
1733214858193 0.057854972779750824 9770
1733214858966 0.21018120646476746 9780
1733214859789 0.16733701527118683 9790
1733214860502 0.03164339065551758 9800
1733214861326 0.06755895912647247 9810
1733214862120 0.8792186975479126 9820
1733214862940 0.7280887961387634 9830
1733214863719 0.10121627897024155 9840
1733214864488 0.14045168459415436 9850
1733214865238 0.2531340420246124 9860
1733214866114 0.0469355545938015 9870
1733214866941 0.08376943320035934 9880
1733214871072 0.05114901438355446 9890
1733214871839 0.23759667575359344 9900
1733214872563 0.4498763084411621 9910
1733214873358 0.19750410318374634 9920
1733214874170 0.44638922810554504 9930
1733214874972 0.4192652702331543 9940
1733214875851 0.10962361097335815 9950
1733214876660 0.08565745502710342 9960
1733214877439 0.2560259699821472 9970
1733214878239 0.15009957551956177 9980
1733214879102 0.06588001549243927 9990
1733214879869 0.03331560268998146 10000
1733214880695 1.182822823524475 10010
1733214881474 0.25607118010520935 10020
1733214882311 0.12350381165742874 10030
1733214883082 0.14165401458740234 10040
1733214883893 0.543670654296875 10050
1733214884711 0.2189313769340515 10060
1733214885470 0.1745114028453827 10070
1733214886279 0.24309279024600983 10080
1733214887128 0.02337275817990303 10090
1733214888030 0.09128771722316742 10100
1733214888940 0.5326734185218811 10110
1733214889762 0.13940705358982086 10120
1733214890560 0.2407919466495514 10130
1733214891394 0.19204698503017426 10140
1733214892138 0.1969042420387268 10150
1733214892931 0.4120349586009979 10160
1733214893699 0.5950701236724854 10170
1733214894488 0.016841795295476913 10180
1733214895213 0.7929713726043701 10190
1733214895942 0.16112592816352844 10200
1733214896743 0.0407651886343956 10210
1733214897522 0.11381737887859344 10220
1733214898283 0.23357681930065155 10230
1733214899038 0.03962355852127075 10240
1733214899845 0.5155873894691467 10250
1733214900681 0.09541118144989014 10260
1733214901453 0.20166385173797607 10270
1733214902309 0.06184310093522072 10280
1733214906511 0.16136163473129272 10290
1733214907330 0.43985164165496826 10300
