1733215820416 0.7354028224945068 1728
1733215821362 0.6648844480514526 1738
1733215822335 0.7414136528968811 1748
1733215823329 0.7264032363891602 1758
1733215824322 0.6302940845489502 1768
1733215825322 0.6993653178215027 1778
1733215826345 0.7538114190101624 1788
1733215827377 0.6438072919845581 1798
1733215831842 0.6811888813972473 1808
1733215832842 0.6149168014526367 1818
1733215833834 0.7237961292266846 1828
1733215834883 0.7543166875839233 1838
1733215835843 0.5840110182762146 1848
1733215836832 0.7011505961418152 1858
1733215837808 0.5720701217651367 1868
1733215838801 0.6480145454406738 1878
1733215839836 0.6817357540130615 1888
1733215840848 0.52902752161026 1898
1733215841844 0.796371579170227 1908
1733215842790 0.5039621591567993 1918
1733215843791 0.5003576278686523 1928
1733215844771 0.6688597202301025 1938
1733215845773 0.36346492171287537 1948
1733215846751 0.5177249908447266 1958
1733215847720 0.5243257284164429 1968
1733215848696 0.454131543636322 1978
1733215849688 0.28510963916778564 1988
1733215850653 0.6874613761901855 1998
1733215851635 0.2295125424861908 2008
1733215852580 0.29607880115509033 2018
1733215853567 0.2390318363904953 2028
1733215854520 0.47491350769996643 2038
1733215855566 0.4374845027923584 2048
1733215856585 0.5633410215377808 2058
1733215857584 0.34047621488571167 2068
1733215858565 0.23043473064899445 2078
1733215859543 0.2910115420818329 2088
1733215860593 0.2999577522277832 2098
1733215861548 0.6321052312850952 2108
1733215862499 0.40116676688194275 2118
1733215866929 0.4866671562194824 2128
1733215867915 0.43002849817276 2138
1733215869002 0.34862858057022095 2148
1733215869989 0.5479461550712585 2158
1733215870992 0.3319765031337738 2168
1733215872054 0.5006459951400757 2178
1733215873054 0.22141076624393463 2188
1733215874066 0.43310314416885376 2198
1733215875061 0.31494641304016113 2208
1733215876042 0.46394115686416626 2218
1733215877016 0.4025422930717468 2228
1733215878002 0.5371478796005249 2238
1733215878981 0.2988603413105011 2248
1733215880044 0.5460665225982666 2258
1733215881067 0.5003317594528198 2268
1733215882143 0.3542676270008087 2278
1733215883243 0.17640289664268494 2288
1733215884314 0.5710670948028564 2298
1733215885396 0.28718164563179016 2308
1733215886530 0.37612950801849365 2318
1733215887557 0.1207500770688057 2328
1733215888576 0.222104012966156 2338
1733215889554 0.38768064975738525 2348
1733215890538 0.36134225130081177 2358
1733215891514 0.23244360089302063 2368
1733215892506 0.6130473017692566 2378
1733215893537 0.4197912812232971 2388
1733215894588 0.2793022394180298 2398
1733215895630 0.45846691727638245 2408
1733215896633 0.311869740486145 2418
1733215897614 0.5552583336830139 2428
1733215898582 0.3128698766231537 2438
1733215902778 0.721198558807373 2448
1733215903767 0.8275316953659058 2458
1733215904753 0.631821870803833 2468
1733215905750 0.5698107481002808 2478
1733215906781 0.2699253261089325 2488
1733215907792 0.31125548481941223 2498
1733215908801 0.14902277290821075 2508
1733215909795 0.2878641188144684 2518
1733215910820 0.18580403923988342 2528
1733215911805 1.1618297100067139 2538
1733215912819 0.22858019173145294 2548
1733215913836 1.2237776517868042 2558
1733215914850 0.5048558712005615 2568
1733215915844 0.3433522880077362 2578
1733215916832 0.23301076889038086 2588
1733215917906 0.3631194829940796 2598
1733215918895 0.29218149185180664 2608
1733215919931 0.699032187461853 2618
1733215920928 0.4375112056732178 2628
1733215921928 0.3005344271659851 2638
1733215922919 0.32510513067245483 2648
1733215923941 0.6399602890014648 2658
1733215925007 0.28362053632736206 2668
1733215926053 0.5112543702125549 2678
1733215927096 0.2500403821468353 2688
1733215928130 0.4358692169189453 2698
1733215929104 0.3740108013153076 2708
1733215930119 0.2028418779373169 2718
1733215931177 0.18484273552894592 2728
1733215932177 0.37235093116760254 2738
1733215933146 0.18445318937301636 2748
1733215934098 0.24329403042793274 2758
1733215938381 0.3765018582344055 2768
1733215939423 0.15696653723716736 2778
1733215940493 0.138432115316391 2788
1733215941513 0.5639129877090454 2798
1733215942534 0.6111646890640259 2808
1733215943529 0.08285339921712875 2818
1733215944589 0.27507442235946655 2828
1733215945569 0.4592912197113037 2838
1733215946609 0.23332932591438293 2848
1733215947612 0.39549729228019714 2858
1733215948595 0.24099653959274292 2868
1733215949608 0.42186853289604187 2878
1733215950679 0.48725783824920654 2888
1733215951655 0.11567792296409607 2898
1733215952661 0.37150317430496216 2908
1733215953666 0.3366518020629883 2918
1733215954640 0.14677774906158447 2928
1733215955628 0.23547768592834473 2938
1733215956583 0.3473716676235199 2948
1733215957564 0.2693834900856018 2958
1733215958579 0.5744103193283081 2968
1733215959587 0.3110939860343933 2978
1733215960651 0.2349640429019928 2988
1733215961645 0.11698020994663239 2998
1733215962625 0.20916038751602173 3008
1733215963683 0.6999687552452087 3018
1733215964753 0.6199994087219238 3028
1733215965815 0.6262978911399841 3038
1733215966874 0.3075467348098755 3048
1733215967858 0.2562696933746338 3058
1733215968849 0.21653378009796143 3068
1733215969835 0.304964542388916 3078
1733215974007 0.15993539988994598 3088
1733215975140 0.2156083583831787 3098
1733215976176 0.7021268606185913 3108
1733215977297 0.15894317626953125 3118
1733215978344 0.1279396414756775 3128
1733215979354 0.07677145302295685 3138
1733215980408 0.1893807351589203 3148
1733215981427 0.11853092163801193 3158
1733215982417 0.2015399932861328 3168
1733215983406 0.47083741426467896 3178
1733215984442 0.401811808347702 3188
1733215985525 0.5772491097450256 3198
1733215986568 0.3320922255516052 3208
1733215987601 0.22874458134174347 3218
1733215988606 0.29752641916275024 3228
1733215989678 0.46919888257980347 3238
1733215990688 0.12919119000434875 3248
1733215991695 0.4957462251186371 3258
1733215992733 0.38606756925582886 3268
1733215993816 0.31108295917510986 3278
1733215994821 0.4023433029651642 3288
1733215995825 0.18881355226039886 3298
1733215996823 0.4730740785598755 3308
1733215997810 0.4775903820991516 3318
1733215998878 0.34645622968673706 3328
1733215999873 0.8184157609939575 3338
1733216000829 0.39113879203796387 3348
1733216001818 0.33945947885513306 3358
1733216002822 0.38808292150497437 3368
1733216003892 0.30556535720825195 3378
1733216004932 0.7964183688163757 3388
1733216009251 0.3559015989303589 3398
1733216010297 0.5485153794288635 3408
1733216011341 0.31696900725364685 3418
1733216012466 1.0362268686294556 3428
1733216080048 0.33401721715927124 3446
1733216081160 0.015739131718873978 3456
1733216082231 0.4989945590496063 3466
1733216083273 0.29302293062210083 3476
1733216084301 0.33936989307403564 3486
1733216085301 0.2308138608932495 3496
1733216086363 0.4119899868965149 3506
1733216087410 0.1280357837677002 3516
1733216088476 0.23662784695625305 3526
1733216089599 0.7113544940948486 3536
1733216090632 1.0681166648864746 3546
1733216091709 0.4266345500946045 3556
1733216092737 0.2850216329097748 3566
1733216093845 0.19593122601509094 3576
1733216094858 0.12705180048942566 3586
1733216095869 0.10265010595321655 3596
1733216096929 0.025742650032043457 3606
1733216097989 0.1045113205909729 3616
1733216099032 0.4638497531414032 3626
1733216100071 0.06897357851266861 3636
1733216101096 0.08556395769119263 3646
1733216102099 0.46942830085754395 3656
1733216103131 0.1571674644947052 3666
1733216104132 0.41496092081069946 3676
1733216105133 0.39503905177116394 3686
1733216106137 0.16911426186561584 3696
1733216107164 0.18137460947036743 3706
1733216108178 0.3592424690723419 3716
1733216109191 0.07859763503074646 3726
1733216110219 0.1218138337135315 3736
1733216111254 0.08157994598150253 3746
1733216115431 0.16006052494049072 3756
1733216116494 0.9583120942115784 3766
1733216117511 0.28962835669517517 3776
1733216118556 0.0330616720020771 3786
1733216119614 0.03120538778603077 3796
1733216120741 0.17299972474575043 3806
1733216121802 0.18021996319293976 3816
1733216122842 0.14585188031196594 3826
1733216123913 0.34585297107696533 3836
1733216124985 0.1600974053144455 3846
1733216125995 0.9947302937507629 3856
1733216127008 0.2896632254123688 3866
1733216128093 0.30880820751190186 3876
1733216129173 0.0799115002155304 3886
1733216130230 0.15612992644309998 3896
1733216131313 0.10104477405548096 3906
1733216132370 0.200535386800766 3916
1733216133385 0.18451981246471405 3926
1733216134401 0.22225458920001984 3936
1733216135383 0.12771327793598175 3946
1733216136369 0.17981746792793274 3956
1733216137448 0.024868955835700035 3966
1733216138491 0.19890376925468445 3976
1733216139515 0.08286109566688538 3986
1733216140538 0.06002284586429596 3996
1733216141545 0.04266227036714554 4006
1733216142547 0.11631298810243607 4016
1733216143551 0.09286415576934814 4026
1733216144549 0.1684730350971222 4036
1733216145570 0.05046733096241951 4046
1733216146650 0.11973321437835693 4056
1733216151003 0.06259655207395554 4066
1733216152055 0.14557787775993347 4076
1733216153116 0.13140708208084106 4086
1733216154212 0.21715927124023438 4096
1733216155327 0.5470710396766663 4106
1733216156330 0.38800889253616333 4116
1733216157380 0.2239680290222168 4126
1733216158390 0.08575524389743805 4136
1733216159432 0.08483913540840149 4146
1733216160517 0.20183569192886353 4156
1733216161622 0.7655745148658752 4166
1733216162646 0.11472832411527634 4176
1733216163740 0.8043853044509888 4186
1733216164878 0.21165591478347778 4196
1733216165994 0.2170265018939972 4206
1733216167006 0.08286941796541214 4216
1733216168050 0.1345357894897461 4226
1733216169130 0.24999387562274933 4236
1733216170123 0.17535874247550964 4246
1733216171180 0.22185754776000977 4256
1733216172218 0.8355084657669067 4266
1733216173210 0.7865195274353027 4276
1733216174280 0.26800066232681274 4286
1733216175267 0.24614106118679047 4296
1733216176276 0.3052779734134674 4306
1733216177254 0.2203308492898941 4316
1733216178260 0.14046519994735718 4326
1733216179277 0.11067308485507965 4336
1733216180274 0.10553020983934402 4346
1733216181359 0.17060662806034088 4356
1733216182449 0.09554805606603622 4366
1733216186713 0.3356412649154663 4376
1733216187684 0.2546391487121582 4386
1733216188833 0.1708611398935318 4396
1733216189878 0.2990768551826477 4406
1733216190914 0.030147507786750793 4416
1733216191941 0.00855641532689333 4426
1733216192955 0.14499065279960632 4436
1733216193918 0.30649158358573914 4446
1733216194942 0.06355620175600052 4456
1733216195992 0.18734335899353027 4466
1733216196977 0.11690975725650787 4476
1733216197945 0.5821098685264587 4486
1733216198940 0.06990636885166168 4496
1733216199978 0.10675875842571259 4506
1733216201068 0.0759817510843277 4516
1733216202080 0.7090475559234619 4526
1733216203220 0.06970104575157166 4536
1733216204229 0.05725789815187454 4546
1733216205249 0.1739913821220398 4556
1733216206238 0.12989968061447144 4566
1733216207201 0.08035703003406525 4576
1733216208266 0.8547172546386719 4586
1733216209309 0.09048826992511749 4596
1733216210331 0.23300829529762268 4606
1733216211321 0.4112766683101654 4616
1733216212312 0.4918460249900818 4626
1733216213277 0.19734562933444977 4636
1733216214315 0.15176092088222504 4646
1733216215348 0.03616449236869812 4656
1733216216380 0.7760325074195862 4666
1733216217342 0.04034851863980293 4676
1733216221728 0.11004626005887985 4686
1733216222742 0.30141258239746094 4696
1733216223797 0.11469253897666931 4706
1733216224802 0.322177529335022 4716
1733216225837 0.39841967821121216 4726
1733216226872 0.11404360085725784 4736
1733216227861 0.19592933356761932 4746
1733216228871 0.33408215641975403 4756
1733216229864 0.3758522570133209 4766
1733216230904 0.32929059863090515 4776
1733216231935 0.4503399729728699 4786
1733216232938 0.19581757485866547 4796
1733216233908 0.2505698800086975 4806
1733216234929 0.21659493446350098 4816
1733216235995 0.2079986333847046 4826
1733216237031 0.14002563059329987 4836
1733216238000 0.10803414136171341 4846
1733216238997 0.5044445991516113 4856
1733216239972 0.08645619451999664 4866
1733216240931 0.914987325668335 4876
1733216241954 0.10169988870620728 4886
1733216242985 0.20316636562347412 4896
1733216244010 0.1002134308218956 4906
1733216244997 0.20292417705059052 4916
1733216245995 0.03687102347612381 4926
1733216246995 0.11011957377195358 4936
1733216248004 0.33485502004623413 4946
1733216248976 0.07548566162586212 4956
1733216249986 0.33645761013031006 4966
1733216251087 0.8387103080749512 4976
1733216252152 0.44415366649627686 4986
1733216253204 0.2589380145072937 4996
1733216257509 0.15491056442260742 5006
1733216258608 0.14717113971710205 5016
1733216259646 0.06592310220003128 5026
1733216260658 0.07411506772041321 5036
1733216261643 0.06643342971801758 5046
1733216262690 0.1791016012430191 5056
1733216263759 0.2782699465751648 5066
1733216264747 0.5090113282203674 5076
1733216265751 0.16154876351356506 5086
1733216266798 0.06537289172410965 5096
1733216267822 0.08219507336616516 5106
1733216268822 0.5805649161338806 5116
1733216269824 0.2472468614578247 5126
1733216270796 0.16961446404457092 5136
1733216271832 0.3577820062637329 5146
1733216338070 0.3313835561275482 5164
1733216339049 0.028775479644536972 5174
1733216340117 0.07824651151895523 5184
1733216341121 0.26508432626724243 5194
1733216342094 0.20877014100551605 5204
1733216343108 0.1782754361629486 5214
1733216344152 0.07753345370292664 5224
1733216345265 0.4116976261138916 5234
1733216346368 0.20922814309597015 5244
1733216347361 0.0955396369099617 5254
1733216348362 0.09582815319299698 5264
1733216349383 0.11527697741985321 5274
1733216350417 0.12440243363380432 5284
1733216351441 0.06838253140449524 5294
1733216352485 0.08492471277713776 5304
1733216353538 0.05616917461156845 5314
1733216354532 0.04312954843044281 5324
1733216355523 0.04440094903111458 5334
1733216356536 0.05855872854590416 5344
1733216357547 0.01539303082972765 5354
1733216358559 0.11592018604278564 5364
1733216359606 0.094052255153656 5374
1733216363513 0.01715068519115448 5384
1733216364534 0.2753286361694336 5394
1733216365566 0.04124516248703003 5404
1733216366581 0.037104420363903046 5414
1733216367629 0.02816634625196457 5424
1733216368626 0.18472892045974731 5434
1733216369693 0.055783793330192566 5444
1733216370722 0.1264958381652832 5454
1733216371745 0.24514168500900269 5464
1733216372877 0.1336284577846527 5474
1733216373947 0.033420804888010025 5484
1733216375046 0.4587172567844391 5494
1733216376112 0.008166123181581497 5504
1733216377190 0.051339298486709595 5514
1733216378215 0.10962960124015808 5524
1733216379227 0.038085341453552246 5534
1733216380313 0.16759032011032104 5544
1733216381322 0.45973771810531616 5554
1733216382378 0.050333622843027115 5564
1733216383393 0.031093593686819077 5574
1733216384464 0.29004526138305664 5584
1733216385562 0.2519713342189789 5594
1733216386574 0.08598141372203827 5604
1733216387637 0.6000218987464905 5614
1733216388669 0.07359559834003448 5624
1733216389680 0.09294275939464569 5634
1733216390670 0.20374822616577148 5644
1733216391677 0.22056522965431213 5654
1733216392671 0.14470863342285156 5664
1733216393707 0.1462842971086502 5674
1733216394783 0.10757306218147278 5684
1733216399105 0.03603038191795349 5694
1733216400219 0.3280169665813446 5704
1733216401348 0.16102740168571472 5714
1733216402433 0.5180612802505493 5724
1733216403531 0.05333298444747925 5734
1733216404624 0.12609274685382843 5744
1733216405660 0.12458175420761108 5754
1733216406699 0.05783255025744438 5764
1733216407781 0.2177717387676239 5774
1733216408840 0.056142743676900864 5784
1733216409950 0.2960655689239502 5794
1733216411073 0.11082740128040314 5804
1733216412234 0.08279072493314743 5814
1733216413406 0.07829389721155167 5824
1733216414558 0.11928641051054001 5834
1733216415691 0.036194998770952225 5844
1733216416760 0.20493784546852112 5854
1733216417900 0.16965241730213165 5864
1733216419063 0.1367964744567871 5874
1733216420185 0.4251801371574402 5884
1733216421201 0.23769237101078033 5894
1733216422213 0.11778933554887772 5904
1733216423265 0.08044534176588058 5914
1733216424314 0.1028604507446289 5924
1733216425364 0.08057507872581482 5934
1733216426418 0.07721292972564697 5944
1733216427466 0.2474820464849472 5954
1733216428564 0.1351419985294342 5964
1733216429645 0.3108859062194824 5974
1733216430683 0.08438418805599213 5984
1733216434824 0.13213109970092773 5994
1733216435913 0.25258344411849976 6004
1733216436973 0.054060518741607666 6014
1733216438000 0.020356718450784683 6024
1733216439002 0.15218618512153625 6034
1733216440010 0.0599810928106308 6044
1733216441010 0.20128153264522552 6054
1733216442004 0.1667996644973755 6064
1733216442982 0.3458561301231384 6074
1733216443987 0.3332950174808502 6084
1733216445000 0.2188735455274582 6094
1733216446000 0.49762463569641113 6104
1733216446983 0.04894844815135002 6114
1733216447941 1.012763261795044 6124
1733216448975 0.030315354466438293 6134
1733216450008 0.053764186799526215 6144
1733216451002 0.17451412975788116 6154
1733216452002 0.061287492513656616 6164
1733216453009 0.46329155564308167 6174
1733216454044 0.08028881996870041 6184
1733216455042 0.24593177437782288 6194
1733216456103 0.27672967314720154 6204
1733216457148 0.11866460740566254 6214
1733216458188 0.057876210659742355 6224
1733216459210 0.18835213780403137 6234
1733216460190 0.18738345801830292 6244
1733216461204 0.09768426418304443 6254
1733216462254 0.15494656562805176 6264
1733216463324 0.10802151262760162 6274
1733216464418 0.06121806055307388 6284
1733216465445 0.010308727622032166 6294
1733216469733 0.4187021255493164 6304
1733216470782 0.1604834496974945 6314
1733216471798 0.15853096544742584 6324
1733216472779 0.21016918122768402 6334
1733216473795 0.10000940412282944 6344
1733216474785 0.671623706817627 6354
1733216475835 0.18171897530555725 6364
1733216476910 0.04133262112736702 6374
1733216477918 0.06135560944676399 6384
1733216478936 0.13237892091274261 6394
1733216479937 0.27251559495925903 6404
1733216480937 0.052109215408563614 6414
1733216481929 0.18433231115341187 6424
1733216482908 0.05385775864124298 6434
1733216483892 0.09539008885622025 6444
1733216484886 0.17622458934783936 6454
1733216485871 0.13191081583499908 6464
1733216486891 0.19474981725215912 6474
1733216487902 0.0530640110373497 6484
1733216488904 0.026788078248500824 6494
1733216489881 0.4477481245994568 6504
1733216490893 0.038664285093545914 6514
1733216491890 0.15657122433185577 6524
1733216492869 0.1250779926776886 6534
1733216493912 0.046156276017427444 6544
1733216494899 0.24711191654205322 6554
1733216495862 0.12558259069919586 6564
1733216496860 0.15101224184036255 6574
1733216497842 0.07605522871017456 6584
1733216498844 0.03147546947002411 6594
1733216499868 0.06331817060709 6604
1733216500860 0.14541742205619812 6614
1733216505115 0.047084953635931015 6624
1733216506096 0.045551054179668427 6634
1733216507129 0.07186530530452728 6644
1733216508134 0.12289145588874817 6654
1733216509133 0.11416106671094894 6664
1733216510139 0.239988774061203 6674
1733216511134 0.036607708781957626 6684
1733216512127 0.38322174549102783 6694
1733216513103 0.18328556418418884 6704
1733216514121 0.5491942763328552 6714
1733216515095 0.022030064836144447 6724
1733216516066 0.13188806176185608 6734
1733216517052 0.061755068600177765 6744
1733216518035 0.30201342701911926 6754
1733216519041 0.0919933021068573 6764
1733216520007 0.06217766925692558 6774
1733216521039 0.04710962623357773 6784
1733216522032 0.06320206820964813 6794
1733216523040 0.037128835916519165 6804
1733216524081 0.20349442958831787 6814
1733216525079 0.059063032269477844 6824
1733216526059 0.850516140460968 6834
1733216527070 0.1044873595237732 6844
1733216528067 0.2511461675167084 6854
1733216529038 0.030005725100636482 6864
