1733279677747 0.6718941926956177 1728
1733279678869 0.6564982533454895 1738
1733279681537 0.6857922077178955 1748
1733279682659 0.6523689031600952 1758
1733279683855 0.6356984376907349 1768
1733279685011 0.7326725721359253 1778
1733279686103 0.6604719161987305 1788
1733279687211 0.6410263180732727 1798
1733279688307 0.5407611131668091 1808
1733279689407 0.4502684473991394 1818
1733279690427 0.32905223965644836 1828
1733279691521 0.44056248664855957 1838
1733279692555 0.39245206117630005 1848
1733279693589 0.8145260214805603 1858
1733279694615 0.6945177316665649 1868
1733279695651 0.22380612790584564 1878
1733279696692 0.36167019605636597 1888
1733279697725 0.31619083881378174 1898
1733279698717 0.45884615182876587 1908
1733279699706 0.5520785450935364 1918
1733279700710 0.34624677896499634 1928
1733279701698 0.6392067670822144 1938
1733279702699 0.9410724639892578 1948
1733279703740 0.37973788380622864 1958
1733279704791 0.34492433071136475 1968
1733279705826 0.3353304862976074 1978
1733279706863 0.48476818203926086 1988
1733279707930 0.3060900568962097 1998
1733279708976 0.4532333016395569 2008
1733279710032 0.517959475517273 2018
1733279711069 0.33445143699645996 2028
1733279712100 0.27914199233055115 2038
1733279713125 0.37296217679977417 2048
1733279715717 0.767784833908081 2058
1733279716801 0.49971386790275574 2068
1733279717886 0.36869698762893677 2078
1733279718983 0.643559992313385 2088
1733279720056 0.43370723724365234 2098
1733279721174 0.4041703939437866 2108
1733279722204 0.21561238169670105 2118
1733279723233 0.7028650045394897 2128
1733279724238 0.34940576553344727 2138
1733279725288 0.3647685945034027 2148
1733279726323 0.17722338438034058 2158
1733279727363 0.48263099789619446 2168
1733279728388 0.5080650448799133 2178
1733279729399 0.6184977889060974 2188
1733279730435 0.06900075823068619 2198
1733279731455 1.1118227243423462 2208
1733279732448 0.35810387134552 2218
1733279733442 0.4511435925960541 2228
1733279734421 0.3032712936401367 2238
1733279735413 0.3666411340236664 2248
1733279736408 0.6038078665733337 2258
1733279737411 0.2871168255805969 2268
1733279738445 0.5280680656433105 2278
1733279739478 0.6322882175445557 2288
1733279740522 0.379652738571167 2298
1733279741556 0.39164406061172485 2308
1733279742599 0.322659432888031 2318
1733279743628 0.29388684034347534 2328
1733279744656 0.2751997709274292 2338
1733279745692 0.3397429883480072 2348
1733279746716 0.16333812475204468 2358
1733279749323 0.06735457479953766 2368
1733279750422 0.4810314178466797 2378
1733279751551 0.24531292915344238 2388
1733279752633 0.2952652871608734 2398
1733279753676 0.4144560694694519 2408
1733279754715 0.46788841485977173 2418
1733279755742 0.4755398631095886 2428
1733279756768 0.17243999242782593 2438
1733279757784 0.3076167404651642 2448
1733279758775 0.2742615044116974 2458
1733279759783 0.2566782236099243 2468
1733279760785 0.6481302976608276 2478
1733279761784 0.3676667809486389 2488
1733279762780 0.41230955719947815 2498
1733279763782 0.21190281212329865 2508
1733279764800 0.20704501867294312 2518
1733279765834 0.3607198894023895 2528
1733279766843 0.3629962205886841 2538
1733279767881 0.3487120270729065 2548
1733279768917 0.21379835903644562 2558
1733279769940 0.3045658767223358 2568
1733279770955 0.2851259708404541 2578
1733279771980 0.2468767911195755 2588
1733279773020 0.3382304012775421 2598
1733279774049 1.0164642333984375 2608
1733279775074 0.293204665184021 2618
1733279776139 0.9936736226081848 2628
1733279777177 0.3172740936279297 2638
1733279778223 0.22947323322296143 2648
1733279779256 0.5873210430145264 2658
1733279780285 0.17605875432491302 2668
1733279782909 0.43673622608184814 2678
1733279784056 0.25146612524986267 2688
1733279785232 0.24285714328289032 2698
1733279786347 0.46994948387145996 2708
1733279787383 0.2451518177986145 2718
1733279788415 0.5508067607879639 2728
1733279789453 0.2467106729745865 2738
1733279790503 0.16448238492012024 2748
1733279791508 0.6142313480377197 2758
1733279792522 0.31120172142982483 2768
1733279793555 0.7170190215110779 2778
1733279794581 0.30555328726768494 2788
1733279795598 0.29858341813087463 2798
1733279796628 0.29896965622901917 2808
1733279797648 0.8644788861274719 2818
1733279798682 0.4046478569507599 2828
1733279799687 0.15367543697357178 2838
1733279800713 0.31606394052505493 2848
1733279801739 0.20713558793067932 2858
1733279802749 0.5092751383781433 2868
1733279803772 0.26702746748924255 2878
1733279804798 0.35948511958122253 2888
1733279805827 0.20896252989768982 2898
1733279806863 0.17303606867790222 2908
1733279807897 0.6466776132583618 2918
1733279808943 0.32889029383659363 2928
1733279810010 0.5755181908607483 2938
1733279811061 0.36336761713027954 2948
1733279812104 0.23543745279312134 2958
1733279813150 0.2694619596004486 2968
1733279814195 0.025139261037111282 2978
1733279816823 0.7538961172103882 2988
1733279817931 0.32199275493621826 2998
1733279819015 0.24625878036022186 3008
1733279820127 0.43960922956466675 3018
1733279821194 0.23497042059898376 3028
1733279822224 0.16529154777526855 3038
1733279823255 0.24809524416923523 3048
1733279824280 0.18017692863941193 3058
1733279825295 0.3639909029006958 3068
1733279826354 0.0802830159664154 3078
1733279827389 0.3688645362854004 3088
1733279828416 0.31129956245422363 3098
1733279829451 0.22311261296272278 3108
1733279830449 0.8352365493774414 3118
1733279831479 0.2103678584098816 3128
1733279832497 0.494025856256485 3138
1733279833498 0.13746841251850128 3148
1733279834494 0.2821941077709198 3158
1733279835490 0.29030841588974 3168
1733279836503 0.24316993355751038 3178
1733279837496 0.6626174449920654 3188
1733279838511 0.22234871983528137 3198
1733279839518 0.5624053478240967 3208
1733279840555 0.19987712800502777 3218
1733279841613 0.20839309692382812 3228
1733279842649 0.392919659614563 3238
1733279843709 0.3018874526023865 3248
1733279844787 0.16178826987743378 3258
1733279845843 0.2721196413040161 3268
1733279846880 0.2860409617424011 3278
1733279847923 0.5818389058113098 3288
1733279850549 0.4216819405555725 3298
1733279851692 0.2527443468570709 3308
1733279852798 0.8058808445930481 3318
1733279853879 0.2015855312347412 3328
1733279854905 0.23134571313858032 3338
1733279855949 0.8922303915023804 3348
1733279856987 0.22055290639400482 3358
1733279858009 0.17327965795993805 3368
1733279859010 0.4514095187187195 3378
1733279860028 0.41513678431510925 3388
1733279861023 0.25159120559692383 3398
1733279862033 0.7199588418006897 3408
1733279863029 0.05611291155219078 3418
1733279864028 0.31050336360931396 3428
1733279930617 0.04244522750377655 3446
1733279931660 0.12178035080432892 3456
1733279932669 0.29788100719451904 3466
1733279933692 0.3274558484554291 3476
1733279934724 0.08091770857572556 3486
1733279935745 0.165725439786911 3496
1733279936751 0.1770753562450409 3506
1733279937795 0.07160500437021255 3516
1733279938818 0.08686282485723495 3526
1733279939872 0.1328481286764145 3536
1733279940912 0.34060153365135193 3546
1733279941957 0.06487894803285599 3556
1733279942990 0.07387975603342056 3566
1733279944036 0.028747674077749252 3576
1733279945095 0.061425864696502686 3586
1733279946150 0.1610080450773239 3596
1733279947185 0.10497373342514038 3606
1733279948265 0.4148128926753998 3616
1733279949346 0.04134461283683777 3626
1733279951955 0.39780741930007935 3636
1733279953068 0.06715747714042664 3646
1733279954144 0.04768551141023636 3656
1733279955172 0.2981308698654175 3666
1733279956219 0.24371454119682312 3676
1733279957252 0.331682026386261 3686
1733279958295 0.3384166359901428 3696
1733279959304 0.16382640600204468 3706
1733279960304 0.17938122153282166 3716
1733279961316 0.051171690225601196 3726
1733279962324 0.18548375368118286 3736
1733279963370 0.2619864344596863 3746
1733279964386 0.07478837668895721 3756
1733279965384 0.12204743176698685 3766
1733279966392 0.2467397302389145 3776
1733279967416 0.14984020590782166 3786
1733279968434 0.12767790257930756 3796
1733279969470 0.24137993156909943 3806
1733279970518 0.26629453897476196 3816
1733279971555 0.3078596591949463 3826
1733279972593 0.13880184292793274 3836
1733279973605 0.2982127070426941 3846
1733279974649 0.19328443706035614 3856
1733279975681 0.13960279524326324 3866
1733279976719 0.1070735901594162 3876
1733279977795 0.25745368003845215 3886
1733279978847 0.3369384706020355 3896
1733279979920 0.12170536816120148 3906
1733279980976 0.4874890148639679 3916
1733279982028 0.21035924553871155 3926
1733279983117 0.6535310745239258 3936
1733279985707 0.14453646540641785 3946
1733279986826 0.19672051072120667 3956
1733279987899 0.18141859769821167 3966
1733279988942 0.06303709745407104 3976
1733279989976 0.21960346400737762 3986
1733279991012 0.12410372495651245 3996
1733279992051 0.6053729057312012 4006
1733279993043 0.6164262890815735 4016
1733279994044 0.4250175952911377 4026
1733279995103 0.24156710505485535 4036
1733279996124 0.2454351931810379 4046
1733279997121 0.05671890079975128 4056
1733279998131 0.03971933200955391 4066
1733279999149 0.09568463265895844 4076
1733280000176 0.1582687497138977 4086
1733280001276 0.27815788984298706 4096
1733280002328 0.25366270542144775 4106
1733280003364 0.08124843239784241 4116
1733280004425 0.6872183680534363 4126
1733280005455 0.10724146664142609 4136
1733280006498 0.4892019033432007 4146
1733280007515 0.7273654937744141 4156
1733280008568 0.07454243302345276 4166
1733280009633 0.34689798951148987 4176
1733280010687 0.2835213243961334 4186
1733280011744 0.030369121581315994 4196
1733280012787 0.16052407026290894 4206
1733280013840 0.2495795339345932 4216
1733280014897 0.08873312175273895 4226
1733280015982 0.08375813066959381 4236
1733280017123 0.12903282046318054 4246
1733280019724 0.3097263276576996 4256
1733280020822 0.1265352964401245 4266
1733280021870 0.6235659122467041 4276
1733280022907 0.5347033739089966 4286
1733280023994 0.08287885785102844 4296
1733280025133 0.14706122875213623 4306
1733280026146 0.13415774703025818 4316
1733280027145 0.14533688127994537 4326
1733280028127 0.09731543064117432 4336
1733280029146 0.716687023639679 4346
1733280030160 0.05273435264825821 4356
1733280031147 0.24658174812793732 4366
1733280032147 0.41125255823135376 4376
1733280033169 0.4242651164531708 4386
1733280034179 0.13570678234100342 4396
1733280035228 0.061616912484169006 4406
1733280036274 0.12652666866779327 4416
1733280037305 0.2672758996486664 4426
1733280038331 0.11809803545475006 4436
1733280039385 0.04873044043779373 4446
1733280040423 0.045108187943696976 4456
1733280041460 0.08514105528593063 4466
1733280042521 0.6699663400650024 4476
1733280043565 0.22995445132255554 4486
1733280044617 0.36553454399108887 4496
1733280045674 0.49888384342193604 4506
1733280046736 0.22899360954761505 4516
1733280047810 0.24846048653125763 4526
1733280048869 0.13869276642799377 4536
1733280049955 0.18146845698356628 4546
1733280051063 0.21455860137939453 4556
1733280053644 0.026149984449148178 4566
1733280054817 0.09368915855884552 4576
1733280055866 0.2003517895936966 4586
1733280056900 0.08822885900735855 4596
1733280057939 0.26167985796928406 4606
1733280058965 0.018452594056725502 4616
1733280059975 0.7410577535629272 4626
1733280061017 0.8031258583068848 4636
1733280062025 0.3262515068054199 4646
1733280063027 0.35868749022483826 4656
1733280064034 0.366250216960907 4666
1733280065036 0.19173231720924377 4676
1733280066036 0.2990686893463135 4686
1733280067047 0.7757555246353149 4696
1733280068093 0.36008837819099426 4706
1733280069120 0.6334944367408752 4716
1733280070143 0.3000367283821106 4726
1733280071179 0.0743669867515564 4736
1733280072210 0.42894840240478516 4746
1733280073256 0.14075233042240143 4756
1733280074290 0.11201536655426025 4766
1733280075349 0.1300690770149231 4776
1733280076401 0.07343818992376328 4786
1733280077436 0.36723530292510986 4796
1733280078502 0.07201073318719864 4806
1733280079572 0.26676347851753235 4816
1733280080613 0.3767628073692322 4826
1733280081661 0.19956690073013306 4836
1733280082718 0.29087769985198975 4846
1733280083797 0.932124137878418 4856
1733280084911 0.16857805848121643 4866
1733280087490 0.13602539896965027 4876
1733280088527 0.39268314838409424 4886
1733280089582 0.22853703796863556 4896
1733280090610 0.34693828225135803 4906
1733280091666 0.6670373678207397 4916
1733280092689 0.19183191657066345 4926
1733280093669 0.28454262018203735 4936
1733280094651 0.14655743539333344 4946
1733280095636 0.22439242899417877 4956
1733280096638 0.1403646022081375 4966
1733280097626 0.1592915654182434 4976
1733280098610 1.1947065591812134 4986
1733280099651 0.33149105310440063 4996
1733280100678 0.1807628720998764 5006
1733280101717 0.18319523334503174 5016
1733280102742 0.03476906567811966 5026
1733280103798 0.23177069425582886 5036
1733280104844 0.22210058569908142 5046
1733280105879 0.2315836250782013 5056
1733280106917 0.2144881784915924 5066
1733280107950 0.12272076308727264 5076
1733280109020 0.16424646973609924 5086
1733280110148 0.4324120283126831 5096
1733280111278 0.2597096562385559 5106
1733280112392 0.15685385465621948 5116
1733280113491 0.053290367126464844 5126
1733280114540 0.052419375628232956 5136
1733280115575 0.17146988213062286 5146
1733280182460 0.3371519446372986 5164
1733280183486 0.04478086531162262 5174
1733280184640 0.07809976488351822 5184
1733280185775 0.18016374111175537 5194
1733280188200 0.005565523635596037 5204
1733280189383 0.07720223814249039 5214
1733280190433 0.18235614895820618 5224
1733280191482 0.047382503747940063 5234
1733280192498 0.12293713539838791 5244
1733280193529 0.13194292783737183 5254
1733280194501 0.23481592535972595 5264
1733280195479 0.397428035736084 5274
1733280196451 0.12655873596668243 5284
1733280197461 0.24407805502414703 5294
1733280198466 0.6365169882774353 5304
1733280199439 0.14043624699115753 5314
1733280200403 0.013550464995205402 5324
1733280201496 0.06685233116149902 5334
1733280202534 0.13951212167739868 5344
1733280203563 0.021262306720018387 5354
1733280204601 0.17274443805217743 5364
1733280205641 0.11582253128290176 5374
1733280206661 0.06220414489507675 5384
1733280207735 0.15975870192050934 5394
1733280208762 0.10753369331359863 5404
1733280209877 0.13103505969047546 5414
1733280211030 0.04640001803636551 5424
1733280212158 0.1307007372379303 5434
1733280213260 0.04232374578714371 5444
1733280214387 0.08893497288227081 5454
1733280215510 0.06474438309669495 5464
1733280216599 0.008050773292779922 5474
1733280217681 0.06142565608024597 5484
1733280218804 0.06676656752824783 5494
1733280221211 0.04387856647372246 5504
1733280222350 0.19896245002746582 5514
1733280223456 0.0995909795165062 5524
1733280224503 0.0343308188021183 5534
1733280225551 0.1133696585893631 5544
1733280226556 0.0572245754301548 5554
1733280227544 0.09855574369430542 5564
1733280228534 0.09623920917510986 5574
1733280229516 0.010233855806291103 5584
1733280230482 0.19509437680244446 5594
1733280231446 0.03945073112845421 5604
1733280232416 0.06195129454135895 5614
1733280233403 0.0656956136226654 5624
1733280234377 0.14481428265571594 5634
1733280235407 0.034265339374542236 5644
1733280236455 0.06265050172805786 5654
1733280237485 0.06484828889369965 5664
1733280238547 0.209331214427948 5674
1733280239607 0.11594435572624207 5684
1733280240681 0.019903313368558884 5694
1733280241745 0.3630148470401764 5704
1733280242829 0.007349682506173849 5714
1733280243937 0.20183134078979492 5724
1733280245086 0.08246732503175735 5734
1733280246229 0.09996826946735382 5744
1733280247367 0.059109218418598175 5754
1733280248470 0.22244256734848022 5764
1733280249527 0.02981439232826233 5774
1733280250573 0.547797679901123 5784
1733280251687 0.05998237058520317 5794
1733280252805 0.07849742472171783 5804
1733280255098 0.01667785458266735 5814
1733280256215 0.05796906352043152 5824
1733280257268 0.10504040867090225 5834
1733280258325 0.014352096244692802 5844
1733280259398 0.01870201900601387 5854
1733280260385 0.02577195130288601 5864
1733280261367 0.1150030568242073 5874
1733280262345 0.11946573853492737 5884
1733280263318 0.3288997709751129 5894
1733280264288 0.026474729180336 5904
1733280265261 0.012766268104314804 5914
1733280266222 0.061967022716999054 5924
1733280267185 0.04042164236307144 5934
1733280268204 0.18631184101104736 5944
1733280269237 0.5630659461021423 5954
1733280270273 0.21785499155521393 5964
1733280271327 0.08839965611696243 5974
1733280272371 0.3014219403266907 5984
1733280273410 0.18350952863693237 5994
1733280274466 0.0735185369849205 6004
1733280275485 0.06357111036777496 6014
1733280276616 0.006238820031285286 6024
1733280277749 0.019288664683699608 6034
1733280278875 0.07180409878492355 6044
1733280279997 0.016563087701797485 6054
1733280281106 0.11310292780399323 6064
1733280282194 0.24696768820285797 6074
1733280283224 0.02089577168226242 6084
1733280284305 0.07164841890335083 6094
1733280285412 0.0663556456565857 6104
1733280287677 0.24855901300907135 6114
1733280288790 0.33618640899658203 6124
1733280289859 0.0413653738796711 6134
1733280290910 0.02583795227110386 6144
1733280291972 0.5210290551185608 6154
1733280293010 0.13893744349479675 6164
1733280293984 0.09223678708076477 6174
1733280294952 0.1503542810678482 6184
1733280295932 0.03511279448866844 6194
1733280296909 0.08483121544122696 6204
1733280297880 0.3195160925388336 6214
1733280298858 0.09870500862598419 6224
1733280299832 0.20354437828063965 6234
1733280300812 0.05367392674088478 6244
1733280301838 0.04270821064710617 6254
1733280302883 0.4022981822490692 6264
1733280303935 0.00398939847946167 6274
1733280304979 0.2730748653411865 6284
1733280306044 0.0697336420416832 6294
1733280307099 0.506624698638916 6304
1733280308151 0.05264174938201904 6314
1733280309247 0.023757517337799072 6324
1733280310390 0.1523032933473587 6334
1733280311512 0.03914014995098114 6344
1733280312656 0.4613032639026642 6354
1733280313779 0.2304844856262207 6364
1733280314910 0.19884374737739563 6374
1733280315975 0.1394500732421875 6384
1733280317038 0.11524594575166702 6394
1733280318173 0.3723409175872803 6404
1733280319312 0.4306410253047943 6414
1733280321578 0.1466725766658783 6424
1733280322692 0.3703327775001526 6434
1733280323715 0.08153602480888367 6444
1733280324765 0.08151457458734512 6454
1733280325818 0.03719861060380936 6464
1733280326832 0.1262224167585373 6474
1733280327795 0.7466500997543335 6484
1733280328778 0.05458865687251091 6494
1733280329745 0.1470927596092224 6504
1733280330745 0.4314764738082886 6514
1733280331749 0.16162407398223877 6524
1733280332749 0.03259275481104851 6534
1733280333715 0.017987897619605064 6544
1733280334765 0.01909666880965233 6554
1733280335819 0.05672059953212738 6564
1733280336855 0.14167244732379913 6574
1733280337891 0.2752213180065155 6584
1733280338952 0.3279340863227844 6594
1733280340013 0.19465960562229156 6604
1733280341094 0.047334492206573486 6614
1733280342114 0.2657501995563507 6624
1733280343227 0.15842637419700623 6634
1733280344375 0.062368396669626236 6644
1733280345518 0.041025109589099884 6654
1733280346680 0.0979301780462265 6664
1733280347795 0.060130052268505096 6674
1733280348882 0.08873852342367172 6684
1733280349908 0.0319443941116333 6694
1733280350989 0.24053625762462616 6704
1733280352089 0.2773236930370331 6714
1733280353202 0.5293853282928467 6724
1733280355411 0.3168218731880188 6734
1733280356488 0.06459980458021164 6744
1733280357520 0.09737943112850189 6754
1733280358544 0.08723367750644684 6764
1733280359578 0.1012914627790451 6774
1733280360584 0.1606251746416092 6784
1733280361579 0.030930951237678528 6794
1733280362541 0.26228925585746765 6804
1733280363536 0.07244908809661865 6814
1733280364532 0.08128084242343903 6824
1733280365497 0.39329594373703003 6834
1733280366486 0.036709096282720566 6844
1733280367491 0.006607132963836193 6854
1733280368615 0.1438698023557663 6864
